###################################################################
A =
33.5986
###################################################################
B =
1.2	2.3	33.5986	
1.3	2.4	3.2	
4.6	1.3	7.8	

###################################################################
C = 
1.2	2.3	33.5986	3.4	
1.3	2.4	3.2	2.1	
4.6	1.3	7.8	12.6	
1.728	4.2	4.54943	1.2	
###################################################################
D = 
0.289383	0.930886	0.692777	0.636915	
0.747793	0.238335	0.885386	0.760492	
0.516649	0.641421	0.202362	0.490027	
0.36869	0.520059	0.897763	0.513926	
###################################################################
E = 
1	0	0	0	
0	1	0	0	
0	0	1	0	
0	0	0	1	
###################################################################
F = 
0	0	0	
0	0	0	
###################################################################
G = 
1	1	1	1	1	1	
1	1	1	1	1	1	
1	1	1	1	1	1	
###################################################################
L = -35.2732
###################################################################
X = 
11.2364	3.39071	0.011493	1.42513	
3.42799	0.953076	0.592707	1.37213	
0.503316	7.35084	0.199148	0.074289	
2.20639	0.370938	0.33507	4.82544	
###################################################################
Y = 
13746.6	15065.5	-189.627	19346.9	
2421.23	3038.19	364.818	3705.2	
7214.06	9357.2	1359.5	11255.8	
3204.93	3994.98	470.732	4891.09	
###################################################################
